G04 -- output software:jlccam pro v3.1.8 *
G04 -- dbname:*
G04 -- stepname:edit*
G04 -- layer:ts*
*
G04 -- format*
%FSLAX26Y26*%
%MOIN*%
*
G04 -- apertures*
G04 A1ts - edit.0.from.i274x.RoundRect.d10+inc3.6x0x00*
%AMA1TS*
4,1,37,
-0.013702,-0.045110,
0.013790,-0.045116,
0.016060,-0.044892,
0.018245,-0.044228,
0.020259,-0.043152,
0.022027,-0.041702,
0.023477,-0.039934,
0.024553,-0.037920,
0.025218,-0.035734,
0.025433,-0.033535,
0.025433,0.033557,
0.025216,0.035743,
0.024553,0.037929,
0.023477,0.039943,
0.022027,0.041711,
0.020259,0.043161,
0.018245,0.044237,
0.016060,0.044900,
0.013873,0.045117,
-0.013862,0.045117,
-0.016049,0.044900,
-0.018235,0.044237,
-0.020248,0.043161,
-0.022016,0.041711,
-0.023466,0.039943,
-0.024542,0.037929,
-0.025205,0.035743,
-0.025424,0.034201,
-0.025433,-0.033437,
-0.025205,-0.035734,
-0.024542,-0.037920,
-0.023466,-0.039934,
-0.022016,-0.041702,
-0.020248,-0.043152,
-0.018235,-0.044228,
-0.016049,-0.044892,
-0.013773,-0.045117,
-0.013702,-0.045110,
0.000*
%
%ADD10A1TS*%
G04 A2ts - edit.0.from.i274x.RoundRect.d11+inc3.6x0x00*
%AMA2TS*
4,1,37,
-0.104253,-0.127787,
0.104349,-0.127793,
0.106610,-0.127569,
0.108796,-0.126906,
0.110810,-0.125829,
0.112578,-0.124379,
0.114028,-0.122611,
0.115104,-0.120597,
0.115768,-0.118410,
0.115984,-0.116212,
0.115984,0.116234,
0.115767,0.118420,
0.115104,0.120606,
0.114028,0.122620,
0.112578,0.124388,
0.110810,0.125838,
0.108796,0.126914,
0.106610,0.127577,
0.104424,0.127795,
-0.104413,0.127795,
-0.106599,0.127577,
-0.108785,0.126914,
-0.110799,0.125838,
-0.112568,0.124388,
-0.114017,0.122620,
-0.115094,0.120606,
-0.115756,0.118420,
-0.115975,0.116878,
-0.115984,-0.116113,
-0.115756,-0.118411,
-0.115094,-0.120597,
-0.114017,-0.122611,
-0.112568,-0.124379,
-0.110799,-0.125829,
-0.108785,-0.126906,
-0.106599,-0.127569,
-0.104323,-0.127795,
-0.104253,-0.127787,
0.000*
%
%ADD11A2TS*%
G04 A3ts - edit.0.from.i274x.RoundRect.d12+inc3.6x0x00*
%AMA3TS*
4,1,37,
-0.013197,-0.030346,
0.013289,-0.030353,
0.015566,-0.030127,
0.017753,-0.029464,
0.019766,-0.028388,
0.021534,-0.026938,
0.022984,-0.025170,
0.024060,-0.023156,
0.024724,-0.020969,
0.024940,-0.018771,
0.024940,0.018794,
0.024723,0.020980,
0.024060,0.023166,
0.022984,0.025180,
0.021534,0.026948,
0.019766,0.028398,
0.017753,0.029474,
0.015565,0.030138,
0.013366,0.030354,
-0.013369,0.030354,
-0.015555,0.030137,
-0.017742,0.029474,
-0.019755,0.028398,
-0.021523,0.026948,
-0.022973,0.025180,
-0.024049,0.023166,
-0.024712,0.020980,
-0.024937,0.018719,
-0.024940,-0.018672,
-0.024712,-0.020970,
-0.024049,-0.023156,
-0.022973,-0.025170,
-0.021523,-0.026938,
-0.019755,-0.028388,
-0.017742,-0.029464,
-0.015555,-0.030127,
-0.013270,-0.030354,
-0.013197,-0.030346,
0.000*
%
%ADD12A3TS*%
G04 A4ts - edit.0.from.i274x.RoundRect.d13+inc3.6x0x00*
%AMA4TS*
4,1,36,
0.011880,-0.020508,
0.013990,-0.020299,
0.016086,-0.019664,
0.018016,-0.018631,
0.019709,-0.017243,
0.021098,-0.015549,
0.022131,-0.013619,
0.022767,-0.011523,
0.022973,-0.009421,
0.022973,0.009442,
0.022766,0.011532,
0.022131,0.013628,
0.021098,0.015558,
0.019709,0.017251,
0.018016,0.018641,
0.016086,0.019674,
0.013990,0.020309,
0.011885,0.020515,
-0.011898,0.020515,
-0.013988,0.020309,
-0.016084,0.019674,
-0.018014,0.018641,
-0.019707,0.017251,
-0.021096,0.015558,
-0.022129,0.013628,
-0.022764,0.011532,
-0.022973,0.010089,
-0.022972,-0.010455,
-0.022129,-0.013619,
-0.021096,-0.015549,
-0.019707,-0.017243,
-0.018014,-0.018631,
-0.016084,-0.019664,
-0.013988,-0.020299,
-0.011798,-0.020515,
0.011809,-0.020515,
0.011880,-0.020508,
0.000*
%
%ADD13A4TS*%
G04 A5ts - edit.0.from.i274x.RoundRect.d14+inc3.6x0x00*
%AMA5TS*
4,1,37,
-0.017639,-0.025426,
0.017735,-0.025430,
0.019997,-0.025206,
0.022182,-0.024543,
0.024196,-0.023467,
0.025964,-0.022017,
0.027414,-0.020250,
0.028490,-0.018235,
0.029154,-0.016049,
0.029370,-0.013850,
0.029370,0.013872,
0.029153,0.016058,
0.028490,0.018245,
0.027414,0.020258,
0.025964,0.022026,
0.024196,0.023476,
0.022182,0.024552,
0.019997,0.025215,
0.017810,0.025433,
-0.017799,0.025433,
-0.019985,0.025215,
-0.022172,0.024552,
-0.024185,0.023476,
-0.025953,0.022026,
-0.027403,0.020258,
-0.028479,0.018245,
-0.029142,0.016058,
-0.029361,0.014516,
-0.029370,-0.013751,
-0.029142,-0.016049,
-0.028479,-0.018235,
-0.027403,-0.020250,
-0.025953,-0.022017,
-0.024185,-0.023467,
-0.022172,-0.024543,
-0.019985,-0.025206,
-0.017709,-0.025433,
-0.017639,-0.025426,
0.000*
%
%ADD14A5TS*%
G04 A6ts - edit.0.from.i274x.RoundRect.d15+inc3.6x0x00*
%AMA6TS*
4,1,37,
-0.011721,-0.092354,
0.011813,-0.092361,
0.014090,-0.092135,
0.016276,-0.091472,
0.018290,-0.090396,
0.020058,-0.088946,
0.021508,-0.087178,
0.022585,-0.085164,
0.023248,-0.082977,
0.023464,-0.080779,
0.023464,0.080802,
0.023247,0.082988,
0.022585,0.085174,
0.021508,0.087188,
0.020058,0.088956,
0.018290,0.090406,
0.016276,0.091482,
0.014089,0.092146,
0.011891,0.092362,
-0.011893,0.092362,
-0.014080,0.092145,
-0.016265,0.091482,
-0.018280,0.090406,
-0.020047,0.088956,
-0.021497,0.087188,
-0.022573,0.085174,
-0.023237,0.082988,
-0.023456,0.081446,
-0.023464,-0.080680,
-0.023237,-0.082978,
-0.022573,-0.085164,
-0.021497,-0.087178,
-0.020047,-0.088946,
-0.018280,-0.090396,
-0.016265,-0.091472,
-0.014080,-0.092135,
-0.011794,-0.092362,
-0.011721,-0.092354,
0.000*
%
%ADD15A6TS*%
G04 A7ts - edit.0.from.i274x.RoundRect.d16+inc3.6x0x00*
%AMA7TS*
4,1,37,
-0.202678,-0.186842,
0.202774,-0.186847,
0.205035,-0.186623,
0.207222,-0.185961,
0.209235,-0.184884,
0.211003,-0.183435,
0.212453,-0.181666,
0.213529,-0.179652,
0.214193,-0.177465,
0.214410,-0.175267,
0.214410,0.175289,
0.214192,0.177475,
0.213529,0.179662,
0.212453,0.181675,
0.211003,0.183443,
0.209235,0.184893,
0.207222,0.185969,
0.205035,0.186632,
0.202849,0.186850,
-0.202838,0.186850,
-0.205024,0.186632,
-0.207210,0.185969,
-0.209224,0.184893,
-0.210992,0.183443,
-0.212442,0.181675,
-0.213518,0.179662,
-0.214181,0.177475,
-0.214400,0.175933,
-0.214410,-0.175169,
-0.214181,-0.177466,
-0.213518,-0.179652,
-0.212442,-0.181666,
-0.210992,-0.183435,
-0.209224,-0.184884,
-0.207210,-0.185961,
-0.205024,-0.186623,
-0.202748,-0.186850,
-0.202678,-0.186842,
0.000*
%
%ADD16A7TS*%
G04 A8ts - edit.0.from.i274x.RoundRect.d17+inc3.6x0x00*
%AMA8TS*
4,1,37,
-0.039289,-0.088417,
0.039381,-0.088424,
0.041649,-0.088198,
0.043835,-0.087536,
0.045850,-0.086458,
0.047618,-0.085010,
0.049066,-0.083241,
0.050144,-0.081227,
0.050806,-0.079040,
0.051023,-0.076842,
0.051023,0.076865,
0.050806,0.079050,
0.050144,0.081237,
0.049066,0.083250,
0.047618,0.085018,
0.045850,0.086468,
0.043835,0.087544,
0.041648,0.088207,
0.039449,0.088424,
-0.039453,0.088424,
-0.041638,0.088207,
-0.043824,0.087544,
-0.045838,0.086468,
-0.047606,0.085018,
-0.049055,0.083250,
-0.050132,0.081237,
-0.050796,0.079050,
-0.051014,0.077508,
-0.051023,-0.076743,
-0.050796,-0.079042,
-0.050132,-0.081227,
-0.049055,-0.083241,
-0.047606,-0.085010,
-0.045838,-0.086458,
-0.043824,-0.087536,
-0.041638,-0.088198,
-0.039352,-0.088424,
-0.039289,-0.088417,
0.000*
%
%ADD17A8TS*%
G04 A9ts - edit.0.from.i274x.RoundRect.d18+inc3.6x0x00*
%AMA9TS*
4,1,37,
-0.013702,-0.029362,
0.013790,-0.029368,
0.016060,-0.029143,
0.018245,-0.028480,
0.020259,-0.027404,
0.022027,-0.025954,
0.023477,-0.024186,
0.024553,-0.022172,
0.025218,-0.019985,
0.025433,-0.017787,
0.025433,0.017809,
0.025216,0.019995,
0.024553,0.022181,
0.023477,0.024195,
0.022027,0.025964,
0.020259,0.027414,
0.018245,0.028489,
0.016060,0.029152,
0.013873,0.029369,
-0.013862,0.029369,
-0.016049,0.029152,
-0.018235,0.028489,
-0.020248,0.027414,
-0.022016,0.025964,
-0.023466,0.024195,
-0.024542,0.022181,
-0.025205,0.019995,
-0.025429,0.017735,
-0.025433,-0.017688,
-0.025205,-0.019987,
-0.024542,-0.022172,
-0.023466,-0.024186,
-0.022016,-0.025954,
-0.020248,-0.027404,
-0.018235,-0.028480,
-0.016049,-0.029143,
-0.013773,-0.029369,
-0.013702,-0.029362,
0.000*
%
%ADD18A9TS*%
%ADD19R,0.070512X0.070512*%
%ADD20C,0.070520*%
G04 A10ts - edit.0.from.i274x.RoundRect.d21+inc3.6x0x00*
%AMA10TS*
4,1,36,
-0.076699,-0.051020,
0.076786,-0.051025,
0.079048,-0.050801,
0.081235,-0.050138,
0.083250,-0.049062,
0.085018,-0.047611,
0.086469,-0.045843,
0.087546,-0.043827,
0.088209,-0.041639,
0.088426,-0.039441,
0.088426,0.039462,
0.088209,0.041649,
0.087546,0.043837,
0.086469,0.045851,
0.085018,0.047619,
0.083250,0.049070,
0.081235,0.050147,
0.079048,0.050810,
0.076861,0.051027,
-0.076859,0.051027,
-0.079046,0.050810,
-0.081233,0.050147,
-0.083248,0.049070,
-0.085016,0.047619,
-0.086467,0.045851,
-0.087544,0.043837,
-0.088207,0.041649,
-0.088426,0.040109,
-0.088425,-0.040475,
-0.087544,-0.043827,
-0.086467,-0.045843,
-0.085016,-0.047611,
-0.083248,-0.049062,
-0.081233,-0.050138,
-0.079046,-0.050801,
-0.076769,-0.051027,
-0.076699,-0.051020,
0.000*
%
%ADD21A10TS*%
G04 A11ts - edit.0.from.i274x.RoundRect.d22+inc3.6x0x00*
%AMA11TS*
4,1,37,
-0.041261,-0.052984,
0.041357,-0.052989,
0.043618,-0.052765,
0.045804,-0.052102,
0.047818,-0.051026,
0.049586,-0.049576,
0.051036,-0.047808,
0.052112,-0.045794,
0.052776,-0.043608,
0.052992,-0.041409,
0.052992,0.041431,
0.052775,0.043617,
0.052112,0.045803,
0.051036,0.047817,
0.049586,0.049585,
0.047818,0.051035,
0.045804,0.052111,
0.043618,0.052774,
0.041432,0.052991,
-0.041421,0.052991,
-0.043608,0.052774,
-0.045794,0.052111,
-0.047807,0.051035,
-0.049575,0.049585,
-0.051025,0.047817,
-0.052101,0.045803,
-0.052764,0.043617,
-0.052983,0.042075,
-0.052992,-0.041310,
-0.052764,-0.043609,
-0.052101,-0.045794,
-0.051025,-0.047808,
-0.049575,-0.049576,
-0.047807,-0.051026,
-0.045794,-0.052102,
-0.043608,-0.052765,
-0.041332,-0.052991,
-0.041261,-0.052984,
0.000*
%
%ADD22A11TS*%
%ADD23C,0.105952*%
%ADD24C,0.224064*%
%ADD25R,0.216181X0.126024*%
%ADD26R,0.215000X0.124449*%
%ADD27C,0.083118*%
G04 A12ts - edit.0.from.i274x.RoundRect.d28+inc3.6x0x00*
%AMA12TS*
4,1,36,
-0.018625,-0.024937,
0.018718,-0.024942,
0.020980,-0.024718,
0.023167,-0.024056,
0.025182,-0.022978,
0.026950,-0.021527,
0.028401,-0.019759,
0.029478,-0.017744,
0.030141,-0.015556,
0.030358,-0.013358,
0.030358,0.013379,
0.030141,0.015566,
0.029478,0.017753,
0.028401,0.019768,
0.026950,0.021537,
0.025182,0.022987,
0.023167,0.024064,
0.020980,0.024727,
0.018793,0.024944,
-0.018785,0.024944,
-0.020972,0.024727,
-0.023159,0.024064,
-0.025174,0.022987,
-0.026942,0.021537,
-0.028393,0.019768,
-0.029470,0.017753,
-0.030133,0.015566,
-0.030358,0.013297,
-0.030351,-0.014392,
-0.029470,-0.017744,
-0.028393,-0.019759,
-0.026942,-0.021527,
-0.025174,-0.022978,
-0.023159,-0.024056,
-0.020972,-0.024718,
-0.018695,-0.024944,
-0.018625,-0.024937,
0.000*
%
%ADD28A12TS*%
%ADD29C,0.005906*%
*
G75*
G90*
*
G54D10*
%LPD*%
D10*
X2323720Y983806D03*
X2503247D03*
D11*
X2413484Y1231837D03*
D12*
X1772637Y761760D03*
X1854330D03*
D13*
X2708662Y769633D03*
X2776575D03*
D14*
X2627952Y1210578D03*
Y1289318D03*
D15*
X2466436Y609397D03*
X2399507D03*
X2332578D03*
D16*
Y249160D03*
D15*
X2265649Y609397D03*
X2198720D03*
D17*
X1650098Y928097D03*
Y1258806D03*
D18*
X1206397Y2155459D03*
X1127657D03*
D19*
X1882283Y2975932D03*
D20*
X1882284Y2875933D03*
X1782284Y2975933D03*
Y2875933D03*
X1682284Y2975933D03*
Y2875933D03*
X1582284Y2975933D03*
Y2875933D03*
X1482284Y2975933D03*
Y2875933D03*
X1382284Y2975933D03*
Y2875933D03*
X1282284Y2975933D03*
Y2875933D03*
X1182284Y2975933D03*
Y2875933D03*
X1082284Y2975933D03*
Y2875933D03*
X982284Y2975933D03*
Y2875933D03*
X882284Y2975933D03*
Y2875933D03*
X782284Y2975933D03*
Y2875933D03*
X682284Y2975933D03*
Y2875933D03*
X582284Y2975933D03*
Y2875933D03*
X482284Y2975933D03*
Y2875933D03*
X382284Y2975933D03*
Y2875933D03*
D21*
X579725Y1551129D03*
X249016D03*
D22*
X3524999Y2383806D03*
D23*
X3525000Y2580657D03*
D24*
X3631890Y167271D03*
D25*
X1594192Y1507625D03*
D26*
X1594783Y1975735D03*
D27*
X3512205Y698768D03*
X3612205D03*
D24*
X167323Y2923177D03*
D12*
X2179232Y787941D03*
X2260925D03*
D18*
X2483366Y787940D03*
X2404625D03*
D17*
X2914271Y940499D03*
Y1271207D03*
X1633562Y2324751D03*
Y2655459D03*
D22*
X3524999Y1053097D03*
D23*
X3525000Y1249949D03*
D13*
X1403052Y763727D03*
X1470965D03*
D18*
X2528838Y2188924D03*
X2450098D03*
D22*
X3524999Y1938924D03*
D23*
X3525000Y2135775D03*
D28*
X880611Y938924D03*
Y1020617D03*
D13*
X2697146Y2137743D03*
X2765059D03*
X1405020Y2147585D03*
X1472933D03*
D25*
X1594389Y125341D03*
D26*
X1594980Y593452D03*
D12*
X3024704Y746602D03*
X3106397D03*
D10*
X1043110Y943845D03*
X1222637D03*
D11*
X1132873Y1191877D03*
D12*
X888287Y784397D03*
X969980D03*
D14*
X2657480Y2612152D03*
Y2690893D03*
D25*
X2868995Y125341D03*
D26*
X2869586Y593452D03*
D17*
X2952066Y2341188D03*
Y2671896D03*
D14*
X1354330Y1196798D03*
Y1275538D03*
X1350393Y2594436D03*
Y2673176D03*
D18*
X1211121Y784396D03*
X1132381D03*
D12*
X3065255Y2137744D03*
X3146948D03*
D21*
X579725Y1076719D03*
X249016D03*
D24*
X167323Y167271D03*
D12*
X2223720Y2190894D03*
X2305413D03*
D10*
X2339862Y2384495D03*
X2519389D03*
D11*
X2429625Y2632526D03*
D12*
X1745078Y2145618D03*
X1826771D03*
D15*
X1198326Y609397D03*
X1131397D03*
X1064468D03*
D16*
Y249160D03*
D15*
X997539Y609397D03*
X930610D03*
X1190649Y1974358D03*
X1123720D03*
X1056791D03*
D16*
Y1614121D03*
D15*
X989862Y1974358D03*
X922932D03*
D28*
X866831Y2332625D03*
Y2414318D03*
X2189666Y2346404D03*
Y2428097D03*
D12*
X905216Y2151523D03*
X986909D03*
D22*
X320570Y606247D03*
D23*
X517422Y606248D03*
D15*
X2510137Y2006838D03*
X2443208D03*
X2376279D03*
D16*
Y1646601D03*
D15*
X2309350Y2006838D03*
X2242421D03*
D10*
X1040846Y2316877D03*
X1220373D03*
D11*
X1130610Y2564908D03*
D28*
X2144390Y927605D03*
Y1009298D03*
D24*
X3631890Y2923177D03*
D21*
X579725Y2025538D03*
X249016D03*
D22*
X3524999Y1493452D03*
D23*
X3525000Y1690303D03*
D21*
X579725Y2490105D03*
X249016D03*
D25*
X2902854Y1523373D03*
D26*
X2903444Y1991483D03*
D29*
G01*
X3631890Y3090500D02*
X167323D01*
X0Y2923177D02*
Y167271D01*
X3631890Y3090500D02*
G02X3799213Y2923177J-167322D01*
X167323Y-51D02*
G02X0Y167271J167322D01*
G01*
X3799213D02*
Y2923177D01*
X167323Y-51D02*
X3631890D01*
X0Y2923177D02*
G02X167323Y3090500I167323D01*
X3799213Y167271D02*
G02X3631890Y-51I-167322D01*
M02*
